2 3 6301 253 377
2 7 11342 233 310 7482 10323 9240 9317
2 7 287 6400 11272 354 3313 3247 306
2 5 337 385 276 3329 3379
1 6 1657 6740 490 11682 10621 9740
3 3 6489 507 6103
2 3 3690 519 9517
2 4 11531 563 3558 6568
2 5 6418 9555 3571 571 9416
2 7 3496 474 572 6557 6509 462 3430
2 3 6626 628 11584
1 5 772 654 6674 685 6718
3 4 9635 6677 674 9617
1 5 6695 660 690 3676 11639
1 4 11486 694 3679 663
1 3 6723 704 11666
2 5 12663 3481 736 3498 1804
2 6 4738 709 751 5205 12582 4869
1 6 10024 1093 9903 832 888 11742
1 5 4052 7171 10083 848 6928
2 3 3823 873 3957
1 7 740 13220 11854 885 903 6936 11825
3 6 6732 3710 908 3806 6911 9774
2 3 6875 910 9907
2 5 819 9826 923 11846 9904
2 4 981 11898 928 4112
2 5 6974 4402 954 7626 12305
1 5 10024 4098 962 6959 6906
1 6 819 9826 3923 963 11882 9904
2 5 9727 7547 971 9760 6855
2 4 11925 10020 1025 11985
1 5 1081 10085 1054 12085 11948
1 5 10031 1068 4055 3996 7164
1 5 7087 12072 1097 993 4100
1 3 792 1108 10087
1 4 12011 7021 1148 7125
1 6 4501 7446 1319 12841 5072 12819
1 8 7363 10274 7447 1238 1321 1238 7447 7391
1 5 1326 12190 13001 1339 12206
1 4 7402 4327 1409 4416
1 5 4608 4390 1413 12277 7642
1 6 4720 4787 12503 1426 3208 12600
1 5 1615 4650 7524 1453 7552
2 5 720 12497 1527 10457 12305
1 6 9715 1610 11674 1539 12309 1599
1 6 1892 12461 1562 7517 11757 9814
1 5 1603 6932 1575 7571 4606
2 4 1624 4643 1639 12409
1 9 4826 7865 10687 12673 1690 10327 12214 7442 10271
2 3 6085 1722 2853
1 7 4750 1803 4808 1735 7828 4737 10654
1 7 4525 12609 1723 4856 1787 7752 4801
2 7 4809 10675 7763 12654 1802 4246 12261
2 4 736 3498 1804 3010
2 6 10370 1534 2043 1806 7904 10798
3 5 12632 1814 4804 12617 12604
2 3 4851 1874 7872
1 4 2054 1908 4149 12886
2 4 8021 2025 1932 12817
2 3 2034 1953 10908
2 3 1891 1969 4972
2 3 5084 1974 13211
2 4 2089 12726 2004 7977
1 3 4887 2008 2011
2 3 10915 2012 2100
1 3 2075 2031 8017
2 3 1953 2034 7133
1 4 4892 5000 2052 12772
1 5 10488 2058 12370 5062 12511
1 6 1892 13215 12833 2069 10848 4908
1 4 7944 2072 13238 12766
1 3 2031 2075 10728
1 3 4965 2077 13085
1 5 10800 2104 12811 2060 12835
2 4 10994 1583 2109 11008
1 3 12973 2160 8203
1 4 8191 8160 2162 12953
1 3 10566 2171 12064
1 4 5107 2178 5153 10984
2 4 10972 2159 2180 12971
1 4 2210 2182 10940 8191
2 4 2152 2209 2195 8203
1 5 2211 2203 5195 2197 8204
2 3 2123 2202 12944
1 4 8191 8160 2212 12969
2 3 5155 2216 5199
1 4 11261 2923 11328 12687
2 8 312 3168 3080 9248 140 11137 3031 11071
2 4 2081 3123 4897 4978
2 9 6181 178 11031 11117 3134 11183 142 9140 11142
2 6 3122 11065 9038 3025 3137 9167
2 3 4978 3181 7919
1 6 9288 6319 3203 11453 9466 11477
2 4 6301 3301 3205 6318
1 4 11293 3359 3242 3379
2 4 375 3367 3258 3340
2 6 287 3279 11254 9318 3345 11235
2 4 6314 3288 11265 6332
2 5 6314 9262 3319 3296 6322
2 3 6513 3355 9509
2 3 6488 3397 6549
2 3 6469 3444 11562
2 6 6440 9414 3462 494 583 3553
1 5 11679 11522 3484 9551 9567
2 3 3547 3488 11435
1 5 514 573 3514 11517 6534
2 4 516 3516 13081 9472
2 3 587 3547 3488
3 5 6455 414 3577 11534 6584
1 4 9607 3594 11593 11794
2 5 11586 3614 11787 6643 6700
2 4 3671 3659 9631 11600
2 3 519 3690 9666
2 4 6723 732 3703 9681
2 5 6573 6751 3731 716 9660
2 4 3712 3732 7462 12459
2 5 11650 3702 3733 734 11654
1 4 761 3736 11571 4875
1 6 6962 11709 3754 6773 3771 9734
1 8 6780 9738 764 3768 762 11713 958 11877
1 4 773 6790 3773 6788
2 4 4345 1341 3778 6630
2 3 873 3823 11841
1 4 3973 3844 10163 11818
3 3 6732 3906 11830
1 8 6823 6958 3941 7646 7588 4627 12637 9727
1 6 6766 943 6917 3946 6960 9898
1 4 3922 3956 9599 11586
1 4 911 956 3959 9909
1 5 9907 1616 3976 9752 6606
1 6 10344 1650 7034 4019 1014 12090
1 5 1069 4037 7055 1154 9971
2 4 7191 4042 10034 12052
1 6 10080 1120 1162 4050 7067 9978
2 6 1081 4086 4056 7121 11912 12011
1 4 4093 12062 4058 4144
1 4 1117 11930 4067 7169
1 3 11919 4111 4550
2 7 940 9755 7143 4124 10056 11810 11746
1 4 1145 4131 7166 4046
1 4 1160 4163 9994 11969
2 5 9984 4038 4185 1153 10044
3 3 4072 4187 7150
1 5 7319 10177 4251 12264 10438
2 5 4342 4287 12221 10318 12459
3 4 1377 4299 9973 10751
2 5 1275 4321 1430 10152 12180
2 4 12854 10801 4410 5040
1 4 1450 4458 7495 7661
1 7 1787 4856 1723 12609 4525 7631 12432
1 3 1494 4556 12648
1 3 7969 4580 10837
1 7 1614 1479 12471 4581 4300 4374 4303
2 4 12384 9996 4594 12735
2 3 10370 4597 12489
2 4 831 4601 1445 6696
1 4 1598 4589 4604 7638
1 5 4144 1139 4606 7571 1575
1 5 1413 4390 4608 10479 12472
1 3 1633 4611 12878
2 3 1609 4616 11929
1 7 7592 12451 7649 4658 7471 7496 7520
1 6 4762 7854 7736 4716 10658 7835
2 3 7887 4718 10609
1 6 1426 12503 4787 4720 4787 7683
1 7 12655 12555 12615 12643 4733 4859 13064
2 3 13063 4744 1823
2 6 12932 4776 2155 2146 5161 10455
3 4 12932 4791 7811 7798
1 8 7274 1790 1674 4767 4827 7793 1726 7837
2 5 12024 10532 4830 3613 7840
1 3 2008 4887 10832
2 4 4997 8109 4889 7978
2 4 2105 4950 10030 12781
1 4 10906 12828 4982 12716
1 3 4904 4991 13085
1 3 5049 4993 10760
2 4 4889 8109 4997 5028
1 3 8079 5021 13088
1 4 1955 12702 5024 12727
2 3 4972 5028 4997
1 3 5077 5034 12710
2 3 2094 5039 5070
1 3 2048 5049 4993
1 4 11012 5054 3109 2192
2 4 1960 5060 1473 4978
1 3 5034 5077 8058
1 4 7944 5097 13239 5010
1 3 8191 5166 12953
1 7 7415 1404 4236 5226 5176 2184 12110
2 4 4171 10932 5180 10988
1 3 6020 5196 2206
2 4 5177 5212 2193 12935
1 6 10999 8196 12909 5223 8233 2218
2 3 13062 5264 13063
1 4 9472 3546 5291 9559
2 3 1722 6085 13059
2 8 11086 9110 11177 9199 6097 3154 11168 160
2 9 6165 3104 6024 6161 9220 6132 3113 182 9088
2 7 11215 329 299 6148 13264 11390 11380
2 7 3338 9041 6192 9099 154 1295 9225
1 3 11279 6237 9315
2 3 6286 6241 11456
3 4 3295 3230 6259 3544
2 8 3263 3377 6396 6262 6315 9313 9330 11379
2 6 265 6342 3525 6322 3296 3319
2 4 6263 3271 6349 3326
2 5 399 13263 3277 6364 3206
2 5 571 3571 9555 6418 11542
2 3 9416 6421 13116
2 7 9417 9430 6493 6474 3466 486 11461
2 3 3561 6513 3355
1 5 3514 11517 6534 3545 9570
3 4 6446 6560 480 9431
2 3 529 6570 6469
1 4 3630 11657 6667 9619
1 4 1599 9702 6669 12441
2 5 700 6701 3682 6689 3672
1 5 690 660 6695 660 3663
2 5 11654 6707 3687 6705 11800
1 4 693 6711 6714 11676
2 6 3750 4839 6722 12566 10709 12685
1 4 4426 9615 6728 10605
2 6 6766 3749 929 6759 6762 9737
1 6 10718 4775 7899 6767 7896 12588
2 4 620 3598 6792 9734
1 4 9924 782 6793 9582
1 8 3938 858 9881 6800 6832 6896 3871 875
1 6 3816 790 13223 6966 6812 9764
1 8 11768 844 11885 6996 6818 845 874 6867
1 6 3944 6944 898 6822 959 6922
1 4 3924 11816 6889 9821
1 6 6822 959 6922 3852 3981 6928
2 4 3966 6939 883 6843
2 4 7045 11783 6943 788
1 4 3922 3939 6953 6998
1 3 3924 6957 6983
1 3 6642 6997 12320
2 5 4052 7171 7070 12040 7125
1 4 12420 1579 7090 10001
1 3 4206 7107 7151
1 6 1092 1191 7145 1167 10055 9985
3 4 4187 7150 11952 9975
1 5 1048 7183 7098 6954 11798
1 5 1092 11946 7212 12031 9985
2 4 7125 7221 7204 7175
1 5 7642 7223 1386 12249 7381
2 3 4273 7293 10191
1 6 1408 4428 10157 7315 7386 10271
1 5 11267 11237 285 7377 11293
2 6 7564 10445 10458 1611 7450 7520
1 3 12114 7465 10171
2 3 5163 7500 10390
2 5 7118 3994 7527 4491 7138
2 4 7592 4530 7535 7564
1 6 1488 1253 7312 7559 7572 10398
2 5 2219 8186 5225 7567 12910
1 6 10980 12334 8226 7589 4570 10999
1 4 1633 4624 7617 7630
1 4 7223 7642 12277 1413
1 5 4720 4787 7683 10715 7807
2 7 10570 12523 1837 4842 7707 4831 12687
2 5 12543 10559 7725 4677 12641
2 7 10578 12557 12690 7743 7697 1776 4809
2 3 1580 7770 4879
2 3 3010 7787 10684
2 3 2151 7842 12935
2 6 9681 532 7857 6592 9421 11542
1 3 8178 7900 10566
3 3 5084 7919 3181
1 3 2072 7944 5097
2 3 2001 7950 12851
1 4 2004 7977 12855 10793
2 3 5013 7983 8071
2 3 7133 7996 10908
2 4 1932 2025 8021 1992
3 3 8096 8039 12785
1 3 10846 8047 12798
2 4 1968 8054 1552 4735
1 4 5021 8079 7913 2011
1 3 2089 8085 1955
1 3 10832 8089 12810
2 3 4927 8116 12851
1 3 8065 8122 10803
2 6 2218 2190 5174 8129 5204 10984
2 4 4879 10957 8136 12391
1 6 2218 2190 5194 8177 8184 10946
1 4 2196 8183 5224 2206
2 4 12453 10943 8187 12964
2 3 5117 8193 2192
2 4 12391 8202 8138 12958
1 3 12632 8204 2197
1 4 4617 8242 8227 10984
2 4 1598 1585 8238 12964
1 4 5120 8252 5051 12798
2 3 5143 8255 10975
1 6 3180 6204 6136 9032 27 6080
3 6 6050 9149 3182 11091 3045 11147
2 4 3137 9167 6144 11105
3 7 3140 57 70 9197 11068 149 3151
3 8 6242 3310 415 592 9221 6099 11057 11127
2 9 6192 9099 154 1295 9225 11203 1307 88 11124
2 4 321 11305 9320 9347
2 5 6282 6334 9334 9361 11372
2 4 9315 9379 9269 11317
1 5 11218 9314 9392 9383 3273
2 6 3380 6402 11245 9398 266 3384
1 5 6464 13205 9412 11554 11539
2 5 6583 9418 11407 6537 11519
2 5 265 9374 9438 9357 6296
2 4 3535 9441 11404 9416
2 5 265 6342 9483 9731 6314
2 5 6531 3533 9490 3506 11491
2 3 391 9498 3262
2 4 6542 9503 1346 521
2 4 512 9507 9523 11506
3 3 493 9546 11558
2 4 6584 9548 577 3562
1 4 3484 9551 9567 6464
1 3 6793 9582 3604
1 5 6983 9586 6614 3601 13252
1 4 693 11622 9619 6667
2 6 521 11642 6698 9642 817 3650
2 5 6741 9680 9677 6704 3686
1 4 11676 9687 746 3548
1 5 6778 6916 9708 6717 11650
2 6 3775 6607 779 9743 11725 9711
1 6 9767 6993 9785 9933 813 3816
3 4 6892 9786 9758 6845
1 5 9767 3794 9800 9846 11825
1 8 4518 9911 11876 11859 9814 11757 7517 1562
1 6 6845 6869 9820 862 894 11650
3 5 3878 9847 6909 9832 11830
2 6 11650 11680 9836 3880 880 11800
2 8 3938 896 11820 9917 9839 9877 3926 6986
1 5 743 3931 9857 6901 3816
1 6 6950 3950 6965 9860 7620 9823
2 5 7169 12056 1063 9865 6994
1 4 3922 6940 9874 3882
2 3 9823 9893 12473
2 5 7540 10434 9937 4079 12036
1 5 11991 1096 7058 9974 10058
1 8 875 6744 7198 10009 9979 7153 10094 1048
1 6 7097 13143 12350 9982 9970 10080
2 4 1182 9998 7157 7087
2 5 7097 9999 11988 7653 3992
2 3 12049 10005 10073
2 6 7097 10517 7665 10006 7665 12017
1 6 4196 4169 10042 10012 11961 9984
1 4 11955 5002 10021 7374
1 6 962 4098 10024 1093 9903 832
2 5 998 10032 7217 7187 10125
3 3 7164 10073 10005
1 5 7071 10010 10093 9938 9978
1 3 4010 10098 4066
2 4 1171 4105 10101 7191
2 8 4112 7130 10038 9941 10122 12096 1119 1005
1 8 4275 10217 10158 12201 1394 1337 4371 7236
1 4 8106 10173 4979 10905
1 7 7415 1404 4236 4323 10237 12225 12252
1 5 1349 10270 4353 5063 10311
1 6 4379 10309 7229 1248 4363 1400
2 4 12341 10337 1500 12313
1 6 4738 4166 926 10341 1831 9910
3 4 7500 10390 12351 12364
1 6 4152 1597 7095 10404 4480 12017
2 6 10999 8196 11002 10419 8197 10946
1 4 10513 10432 5172 10980
1 4 4613 10456 8045 7531
1 3 7630 10482 4969
1 3 1459 10488 2058
2 3 7872 10538 13217
2 3 1823 10540 12592
2 8 1772 7871 10577 9659 4290 12263 675 12261
2 3 2853 10589 10641
1 3 191 10594 10930
1 5 1772 10598 4881 10572 12518
1 7 7798 1759 10637 10622 4763 12560 7859
2 6 1750 7778 1704 10648 1771 7895
1 5 9727 1582 10657 8083 12501
2 3 10552 10684 7787
2 5 10631 10628 10688 12668 12608
1 4 7973 10738 1952 4956
2 3 10784 10743 12806
2 3 10908 10764 12719
1 5 8080 10823 10767 1981 12716
1 4 12708 10729 10772 12005
1 3 12712 10773 10889
3 6 3960 10778 9829 5001 7485 12458
1 4 10743 10784 2088 12723
1 4 2097 10793 12855 7977
1 3 1463 10811 10106
2 3 10812 10829 4957
1 3 10988 10845 8201
1 4 2206 10860 5160 12929
1 5 7935 4898 10871 8003 7973
1 6 9084 10066 10843 10898 12792 10866
1 6 3742 8127 12750 10899 10558 12669
1 3 7969 10922 10837
1 5 2227 10933 2175 13273 5107
2 4 5168 10939 10998 8143
1 4 2156 10942 13290 8149
3 4 2180 2159 10972 8201
2 6 10975 10985 8208 10375 10418 12409
1 3 10845 10988 5180
2 5 7636 12937 10994 1583 2109
1 4 5120 11020 5051 12798
2 8 3061 9183 165 11043 136 11141 11076 9169
2 9 3338 3075 11089 3064 11061 6193 9124 11110 3177
2 7 3021 6160 179 9138 11114 9054 6164
3 6 3152 11426 11127 11057 6099 9221
2 9 6181 15 74 6012 11142 9140 142 11183 3134
2 6 6115 11184 11151 171 6310 383
3 9 117 11139 11032 181 11186 3120 9120 9408 11202
3 8 11186 3120 9120 9408 11202 6324 3310 6242
2 9 6148 299 329 11215 11327 11160 6120 11376 9279
1 5 337 11371 11238 11287 9303
2 6 306 11290 11220 11241 9323 6371
2 3 3325 11251 11366
1 3 13064 11261 2923
2 3 247 11264 9281
3 5 3544 524 11385 11274 11301
1 4 6237 11279 9268 11221
2 5 3152 496 6381 11291 9317
1 8 6280 3556 11285 11313 215 331 3350 6292
2 4 6389 11331 11305 321
2 5 322 271 221 11374 6103
2 3 9509 11388 247
1 3 6416 11430 9427
2 3 6496 11456 6241
3 4 3495 3509 11463 6533
2 4 9490 3506 11491 11506
2 7 6338 372 9514 11496 355 11281 9271
2 4 563 11531 11502 9559
1 6 9412 11554 11539 3537 6561 11679
2 4 485 11563 6569 3549
1 3 11735 11564 13252
1 6 11723 9741 3782 11570 776 3780
1 7 693 11622 662 11592 3649 630 9602
2 9 3775 9583 9585 11728 11602 6676 10249 7875 1764
1 3 663 11604 9620
1 5 1599 4534 11609 670 3672
2 5 11625 6670 9643 11610 6685
1 4 6542 6712 11640 663
2 5 568 3722 11649 705 3686
1 5 11570 3782 9741 11723 3772
1 4 9914 3884 11767 914
2 5 6923 893 11774 9791 6990
2 3 3863 11782 6845
2 7 11771 987 11815 9835 6837 11886 3900
3 3 9832 11830 3906
2 7 11747 804 11839 11826 919 3903 6950
2 5 7169 1165 9807 11847 6994
1 5 3882 11832 11857 935 949
2 5 6657 11582 629 11869 651
1 9 4052 9790 11896 9918 6860 3839 3895 987 11771
1 8 1444 1059 1538 1101 10060 11924 11978 10001
1 4 2086 11955 5002 10021
2 5 7191 11991 1096 7058 9974
1 3 9084 12005 10772
1 6 11929 11968 12010 9991 1142 12090
1 6 1148 7021 12011 11912 7121 4056
2 4 4089 12093 11944 4137
2 7 1292 1327 9292 12157 7401 10256 4215
1 6 4297 4310 1364 12215 1376 10297
1 6 12110 1225 1416 12252 12225 10237
1 4 12349 10981 12321 12494
1 6 7565 10389 10349 12366 12395 10514
2 4 10438 12431 12417 1592
1 6 4525 7631 12432 10480 4208 7000
1 4 12406 12435 10682 10455
3 6 10502 12468 12440 1626 12481 10347
3 3 5199 12504 191
1 6 1591 4768 12511 5062 12370 2058
2 4 9727 12568 12709 6974
2 4 10540 12592 4455 13062
3 7 7887 1713 7783 12604 12617 4804 1814
2 8 4724 1850 12595 12655 12555 12615 12643 4733
2 3 1968 12677 5199
2 3 1975 12707 2001
1 4 4982 12716 1981 10767
2 3 10764 12719 3165
1 8 10531 10713 7693 12590 12737 4823 4849 1774
1 3 10728 12738 12865
1 3 2051 12746 12873
1 3 2011 12755 10832
2 3 2056 12762 12874
3 5 12341 1927 12782 6987 5061
1 3 7133 12783 7088
3 3 12851 12794 4927
1 3 8089 12810 10889
1 3 7935 12827 10809
3 3 4989 12834 12747
1 5 10866 12718 12844 7998 2054
1 3 10747 12845 12772
2 4 4410 10801 12854 10401
1 3 5010 12856 7912
1 4 8075 13291 12869 8213
1 3 10895 12873 12746
1 7 4425 10863 12898 7965 8023 1383 4501
2 3 12910 12924 12932
1 6 8019 13247 8133 12927 10761 6020
2 4 10928 8164 12941 10976
1 3 5221 12950 5155
2 5 8203 5165 5200 12951 10959
1 3 8199 12969 2212
2 5 10980 8190 12996 2153 10999
2 4 12592 4455 13062 5264
1 3 1988 13092 13087
2 3 9780 13255 9914
2 7 12 3004 175 3066 3103 6191 9370
1 5 100 9036 11029 9204 6080
2 6 117 71 6154 11191 110 187
2 5 121 3220 3116 6135 9267
1 5 122 6145 9170 6184 100
3 5 156 9193 35 9185 11188
2 8 160 81 6189 3124 6143 9188 11166 121
2 6 160 6073 11165 9107 172 3140
2 3 191 1817 12907
2 3 287 11349 9343
2 2 296 11221
2 6 306 3210 11336 6305 3390 3335
2 5 306 223 9351 289 9247
3 4 321 11276 11219 375
2 2 321 9388
2 2 334 11260
2 3 334 3324 3295
2 3 334 3324 3380
3 3 334 279 3381
2 3 351 11270 11317
2 3 362 9263 334
2 2 362 3380
3 3 375 11219 9238
2 3 377 6378 3369
2 2 383 3386
2 2 391 68
2 3 391 3314 6336
2 8 396 367 3332 3304 6492 9460 3426 3578
1 3 400 13206 3393
2 6 413 9448 9339 11323 11351 396
2 7 418 9556 3409 11439 9489 9552 413
2 3 418 9449 3492
2 6 458 488 9491 9519 559 9413
2 5 458 409 6597 3575 3757
2 4 458 409 3403 9573
2 7 464 11455 6615 7322 12254 7370 10253
2 2 495 9443
3 2 512 6533
2 3 514 11481 3535
2 4 514 6559 11432 6440
3 3 516 13068 11519
3 2 516 6598
3 2 516 3576
2 5 523 547 3540 9565 6566
2 6 523 11513 9424 473 9552 413
2 5 525 489 3568 9506 3542
2 3 525 504 6497
2 4 568 737 767 11700
2 4 568 737 3755 11683
2 4 575 11548 9500 3476
2 2 587 6469
1 3 596 9596 9627
2 2 596 11581
1 2 599 13252
1 2 599 11735
2 2 603 3604
1 2 603 6631
2 3 620 3626 651
2 3 620 9751 9734
2 2 657 9614
2 2 657 9635
3 2 686 9661
3 2 686 6720
3 2 686 11627
2 2 692 3705
1 3 692 9652 673
1 4 693 11622 676 11639
2 4 695 691 11656 3685
1 3 710 4607 4736
2 3 720 4508 12437
2 3 743 6756 740
2 2 755 11702
2 4 758 6955 9689 6734
1 6 758 3761 6764 9719 13218 11707
1 2 761 9740
1 2 772 3653
1 3 772 11599 11617
2 3 773 3776 603
1 3 778 9745 6780
1 3 778 9603 6666
1 2 792 11919
2 4 799 3798 924 11768
2 2 922 9833
2 4 940 11792 6925 11747
2 4 940 3788 1122 1005
1 3 947 856 981
3 3 949 965 9771
3 3 957 11879 3944
2 9 957 6989 11750 6684 664 6686 11643 10466 12189
2 3 980 9869 6986
2 2 980 3866
1 4 981 856 11831 3951
2 3 1047 12095 10080
2 2 1047 4189
2 3 1047 7108 10062
2 4 1047 7152 11938 9963
1 3 1048 10094 4135
3 3 1065 1201 4206
3 5 1069 7189 11980 11944 4137
2 3 1081 11977 7175
2 2 1083 10044
1 2 1086 4206
2 4 1091 11959 7214 7186
1 3 1092 10052 11985
1 2 1106 12001
1 3 1117 4122 4118
2 4 1145 11939 7166 4046
3 3 1145 9964 1013
2 5 1146 4148 7181 10095 9953
2 3 1171 1099 1146
2 3 1181 3854 7088
2 2 1181 9962
3 2 1182 4188
3 2 1182 4100
2 3 1185 11936 10016
2 3 1190 1061 4064
2 5 1200 7105 1184 12074 4089
2 3 1200 4186 10000
2 4 1278 1305 4354 12270
2 2 1317 1275
2 3 1317 10259 10799
2 3 1352 7834 10717
2 3 1352 7892 12024
1 3 1377 8114 7374
1 4 1400 1605 12176 10232
2 2 1444 7593
1 2 1450 11645
1 2 1468 8178
2 3 1472 4546 7592
2 3 1480 10437 7118
1 3 1488 7492 7531
1 4 1492 12404 12449 4626
1 3 1492 7562 12363
1 2 1494 8178
2 4 1520 4539 10238 12210
2 3 1520 4260 12297
2 4 1559 10449 4650 1615
3 4 1559 10355 7543 12458
2 2 1568 1624
1 3 1568 12394 12409
2 2 1580 13217
2 4 1588 1847 7873 4809
1 5 1591 4224 12583 7706 12640
2 6 1591 10547 10619 12529 10680 7784
2 3 1592 10453 7645
2 2 1595 12437
2 3 1595 9796 9810
1 3 1599 12380 12441
1 4 1599 12309 4605 11645
2 2 1614 12324
3 5 1615 12429 8110 1587 12735
2 2 1615 4464
1 4 1634 10882 1938 10106
2 2 1657 7807
2 4 1657 6740 983 1764
1 3 1664 1684 4669
2 5 1742 1755 1820 1322 12446
2 3 1747 7745 7840
2 4 1764 10700 7435 9601
2 3 1770 12418 7458
2 2 1770 10666
2 4 1772 1807 4847 4731
2 9 1794 7680 7890 1864 12564 1818 10610 12662 7784
2 3 1794 4734 7274
2 8 1794 10546 1797 10202 12616 4670 1309 12619
2 3 1794 1779 10531
2 3 1816 10580 12563
2 4 1816 1685 1369 4665
2 4 1821 307 12106 1292
2 3 1821 9553 1750
2 5 1827 12642 12570 4814 12024
1 5 1827 7780 4723 4794 10711
2 5 1836 4772 10685 10719 1867
2 2 1836 3750
2 3 1836 1752 12685
1 6 1838 4843 12598 1855 7870 1774
1 4 1838 7732 12656 4709
2 4 1849 9678 703 4738
2 5 1866 1719 3699 7776 1849
1 3 1866 9880 1867
1 4 1896 12793 2071 10523
2 2 1909 2038
2 2 1909 4957
2 2 1909 8008
3 3 1914 12887 12800
3 4 1914 12887 10851 12744
1 2 1939 6020
3 2 1951 10919
1 5 1954 5038 12728 2019 5061
1 2 1954 12897
2 2 1960 5084
2 4 1968 1516 1929 12907
2 2 1968 7548
2 2 1975 2056
2 2 1992 7978
2 2 2001 12874
3 3 2005 1569 4571
3 2 2005 10751
2 2 2038 2094
1 2 2050 12731
2 3 2051 8032 5066
2 3 2054 7905 7080
2 2 2056 1891
2 3 2081 4897 4978
3 3 2081 9152 13211
3 2 2086 12868
3 3 2086 4915 5086
1 2 2089 5005
2 2 2094 7959
1 3 2097 3795 12372
2 2 2106 10986
2 2 2120 5155
2 2 2120 12971
3 2 2123 5164
1 2 2156 8199
3 2 2196 8182
1 3 2210 13287 13086
2 3 2218 12923 12977
1 2 2225 12953
1 2 2227 5168
2 3 2228 5153 10984
2 3 2228 2132 5107
2 2 2853 13059
1 8 3021 6042 133 3105 202 3191 9229 11049
2 5 3061 3161 204 6009 11105
1 7 3073 6045 6179 9223 30 11164 11125
2 4 3073 9074 9119 11096
2 6 3073 6134 11024 6146 193 9169
2 6 3083 6066 169 3117 11126 3122
2 5 3140 9060 11048 9111 187
3 4 3151 6174 6197 117
2 2 3165 5084
2 8 3177 9232 11025 9155 3041 11133 11193 11124
2 7 3177 11110 9124 6100 3079 84 11086
2 6 3177 9232 6133 3146 9214 9370
2 3 3206 13262 399
3 2 3207 9496
2 2 3234 3326
2 2 3234 247
3 2 3262 6598
2 3 3263 11300 11235
1 3 3273 6320 11218
2 3 3273 6395 9237
2 2 3284 13012
2 2 3320 6413
2 3 3320 327 6296
2 3 3320 9295 11342
2 4 3325 3277 13263 399
2 2 3326 241
2 4 3335 6411 9384 9355
1 3 3336 2972 13064
2 2 3338 312
2 2 3340 9388
2 2 3369 9484
2 3 3380 6402 6332
2 2 3380 3295
3 3 3381 11515 493
2 2 3386 9251
2 4 3392 6546 9520 3496
2 3 3393 318 6359
2 4 3393 318 3281 3392
3 4 3473 444 3532 6558
2 5 3473 3572 6595 552 9570
2 5 3473 6236 9387 9252 11260
2 3 3476 6504 11606
2 3 3476 11420 485
2 6 3478 3464 6417 426 585 11559
2 6 3478 3464 3417 3779 11727 3748
2 6 3492 9518 6577 534 11396 413
2 5 3496 11503 6520 9493 11477
1 4 3513 4328 528 11495
2 3 3522 6487 9560
2 2 3522 9238
2 4 3529 11474 520 3503
2 5 3529 6527 9474 3489 3478
2 5 3529 9504 533 9516 6566
2 6 3542 9566 11553 6254 580 3580
2 3 3544 467 6416
3 4 3544 11492 548 493
2 3 3549 9523 11506
2 4 3549 9578 553 11521
2 6 3549 9578 6599 11535 3579 6449
2 3 3553 6562 3414
2 2 3561 6524
2 3 3561 9524 6549
2 2 3562 3430
2 2 3569 3553
2 2 3576 11606
2 2 3576 11483
2 4 3578 11523 9432 6601
2 6 3580 457 3554 9579 11396 413
2 3 3580 558 3492
2 4 3580 9260 9328 9355
1 3 3585 3418 6440
3 3 3596 624 9595
3 3 3596 624 11594
2 3 3596 6619 6983
3 2 3630 9771
2 3 3650 6668 6666
2 3 3652 817 3650
2 3 3652 3669 3681
2 5 3663 9651 11636 6706 6729
2 4 3663 11619 11655 11672
3 3 3671 669 651
2 4 3672 683 6730 700
2 4 3672 6702 6733 6718
3 4 3681 9644 6518 512
2 4 3681 667 9609 9607
2 4 3685 689 11791 831
3 3 3701 6727 11670
3 4 3707 11686 754 3757
1 2 3715 3712
2 3 3726 6748 700
2 4 3748 9707 731 6718
2 6 3748 748 11696 735 11681 3720
2 2 3750 1747
2 6 3775 6797 9580 11567 3605 6630
2 3 3775 3763 11695
2 2 3780 773
1 3 3816 11737 7213
2 2 3863 6882
1 2 3865 833
1 5 3865 11856 13235 13234 914
2 3 3878 6911 9774
1 4 3882 907 935 949
1 2 3882 3865
1 3 3885 6926 925
3 4 3900 1052 12043 10068
3 2 3924 3943
2 5 3930 6948 3986 896 3938
1 4 3930 809 879 875
3 8 3944 9897 6964 11893 9928 9913 7663 4572
2 5 3951 6808 3907 11784 11747
2 6 3951 6808 3907 9811 11792 940
2 3 3952 6982 6952
2 4 3952 3819 6842 9769
2 3 3957 6929 3847
1 3 3957 6929 6823
1 7 3960 7981 12875 8064 4955 10894 1954
1 3 3961 956 911
1 4 3966 6831 9838 925
1 7 3972 12848 12301 1998 4955 5038 1954
2 4 3975 801 3802 11800
2 2 3992 9984
1 3 4003 7020 1190
3 2 4045 5040
3 2 4045 5096
2 3 4045 2036 7080
1 5 4046 10078 12051 7081 1160
3 3 4052 10065 7155
2 4 4052 9790 11770 6928
1 5 4053 7141 7182 9938 9978
2 2 4066 7540
2 2 4075 1185
1 4 4075 12048 1073 12008
2 3 4075 10103 4529
1 5 4076 4145 1071 11910 10061
2 2 4080 1048
2 5 4080 9815 12070 9765 3866
1 2 4084 10023
2 3 4084 1079 10070
2 5 4089 12074 7089 4157 9971
2 2 4091 9953
2 3 4100 7016 4118
1 4 4102 11949 12006 11925
2 5 4106 12080 7205 7177 4072
2 2 4106 2105
2 2 4107 7155
2 5 4132 7207 10118 1061 1190
1 2 4139 10023
1 4 4144 4114 7129 4010
2 5 4144 11933 9987 7160 1069
3 2 4155 13084
2 3 4171 10932 2206
3 2 4188 4100
2 4 4196 7027 11986 7071
2 5 4215 7281 7233 10140 12143
3 10 4222 7648 12348 10499 6988 6937 11801 814 9905 3900
2 3 4245 12050 1609
3 5 4245 4062 4104 12063 10088
3 3 4245 12050 9935
1 3 4275 1296 12122
1 4 4318 1197 8063 4425
1 7 4329 4289 12135 1242 1222 12123 10147
1 3 4344 1412 7395
1 2 4344 10190
2 2 4345 9601
2 3 4345 7345 7289
1 4 4379 1302 7280 12297
2 4 4401 1396 12288 4223
1 3 4401 12232 10232
3 4 4414 10897 12734 8011
2 4 4414 5032 10208 7395
1 3 4416 12247 7363
1 2 4416 1381
2 2 4426 4875
2 2 4426 4872
1 2 4445 3715
2 4 4449 4540 7615 10615
1 4 4459 1541 4516 4571
1 2 4459 4987
3 3 4464 7668 7480
1 4 4469 1203 12078 4093
2 5 4492 12385 4773 10146 1591
3 3 4543 1565 7887
1 3 4548 12396 10447
1 2 4550 10087
2 2 4569 4449
2 4 4569 1523 12361 10717
2 5 4569 1523 7607 7449 10516
2 2 4569 12305
2 3 4571 4544 7593
2 4 4571 4544 12452 1444
2 2 4586 12624
1 3 4609 4553 10523
1 3 4613 12433 4529
1 4 4613 7075 4339 12332
1 3 4626 1650 10344
1 3 4626 1607 7603
2 5 4681 12174 7861 1790 7274
2 5 4724 10639 10712 10580 1816
2 4 4724 7744 4853 10570
2 3 4724 10639 12563
2 2 4735 12391
2 2 4735 13217
3 5 4750 1813 7713 4818 12563
3 3 4750 7841 10570
1 4 4762 10583 7759 10654
3 6 4797 10543 1810 7703 12610 10627
3 5 4797 1762 4837 10528 7835
3 4 4797 10543 1791 1834
3 5 4797 7838 4815 10664 4750
3 5 4801 4732 1798 10623 1834
3 5 4801 4862 7885 7823 10578
1 4 4801 12686 4729 12669
2 4 4809 7848 10678 4731
1 2 4822 10697
1 6 4826 10305 4331 10159 11698 710
2 2 4851 2151
2 2 4851 12963
1 4 4858 12614 12675 7799
1 5 4858 7864 1781 4843 1838
1 4 4860 12585 1851 7760
2 5 4869 1299 10249 7875 1764
2 5 4875 1769 7899 4775 10718
1 2 4875 12588
1 2 4879 2207
1 3 4901 4553 10523
1 2 4904 4965
2 3 4908 4977 1945
2 3 4942 8024 8080
2 2 4942 10855
2 2 4942 4892
1 2 4946 10895
1 2 4952 12900
1 2 4956 2011
2 2 4957 8008
1 3 4987 12892 4435
1 3 4987 4386 7374
3 2 4989 7972
1 3 4995 13253 12757
1 3 5010 13239 7980
3 2 5013 8096
2 2 5026 4892
3 3 5040 7938 2005
1 3 5061 2060 12835
2 2 5066 10730
3 2 5086 1377
3 3 5086 12137 4045
1 2 5091 12723
2 3 5115 8140 12977
2 3 5117 12945 10025
1 3 5117 12925 10968
3 3 5117 12925 8219
1 2 5120 2156
1 2 5128 5222
1 2 5128 8188
1 2 5128 5185
1 2 5139 8244
1 2 5139 8207
2 2 5143 2208
2 2 5163 10975
2 2 5177 2151
3 2 5199 7872
3 2 5199 5221
2 2 5210 10976
1 3 5220 12933 2228
1 2 5229 10944
1 3 5229 12979 8203
1 2 5231 10697
2 2 5231 12648
2 2 5231 2213
3 4 6050 161 11082 11188
2 6 6077 3091 9159 9033 135 12
2 3 6077 3135 9200
1 3 6080 9204 6115
2 3 6115 11078 3021
2 6 6164 3063 3375 3286 6406 3386
2 4 6165 6125 9147 11125
2 5 6176 3049 9196 6072 100
2 7 6181 3121 9162 9198 3067 9119 11096
2 6 6245 9256 11236 9278 9356 6316
2 3 6245 3215 9343
2 5 6245 6022 3176 3101 187
2 3 6263 6218 9238
2 2 6263 6377
2 3 6280 560 3496
3 2 6282 3207
2 3 6282 349 3340
2 2 6286 9309
2 2 6286 6336
2 4 6287 6393 3260 3325
2 3 6296 3272 11312
2 2 6301 7239
2 8 6316 9311 3202 6362 9360 6299 11375 6327
2 5 6316 378 280 357 9267
2 2 6318 9315
2 7 6327 9325 3224 6253 9373 11356 6338
2 7 6327 11375 9389 6370 11252 6358 9267
2 5 6327 3352 6374 6312 6357
2 5 6327 11277 11394 11262 11309
2 3 6332 395 3384
2 9 6357 9244 392 3382 11319 9299 11225 11377 9271
2 4 6357 6294 6337 3276
2 3 6359 3309 6280
2 4 6371 6326 11259 6242
2 4 6371 3219 233 11342
2 4 6371 6220 11322 6292
2 3 6377 3395 3234
2 4 6380 301 11362 6316
2 3 6380 11282 9302
2 2 6384 6318
1 4 6384 6335 6399 11332
2 3 6389 6257 9347
2 3 6389 317 11366
2 2 6413 6359
2 4 6416 3458 3559 11399
2 5 6420 3421 6445 9430 9417
2 2 6444 11560
2 2 6444 11494
2 2 6444 529
2 2 6446 11483
3 2 6446 575
2 5 6455 476 9481 11490 6497
2 2 6455 3430
2 3 6464 13205 9427
2 3 6469 6622 11346
2 2 6469 495
2 2 6488 6594
2 2 6488 589
3 3 6496 6500 11562
3 2 6496 3262
2 4 6497 9465 11438 458
3 2 6521 375
3 3 6521 3499 9560
3 3 6521 3499 11545
3 3 6521 11444 3207
3 3 6521 9428 9496
2 4 6524 538 6501 3535
2 3 6524 3500 13116
2 3 6531 680 3652
2 4 6531 3533 11732 13011
3 2 6533 3671
1 2 6542 11486
2 3 6549 11533 9443
2 2 6550 4112
2 3 6555 9557 11417
2 3 6555 11529 11544
3 4 6558 17 9532 11558
3 4 6558 388 11232 3381
2 4 6566 6544 509 3478
2 2 6568 589
2 3 6568 3530 6542
1 4 6573 3565 11691 3548
2 2 6583 11435
2 2 6583 9559
2 2 6594 11417
2 2 6594 589
2 5 6601 9577 452 11458 11321
2 6 6601 499 6479 3517 9530 3503
2 4 6606 6985 1616 9907
2 3 6606 782 9924
2 4 6613 9590 6639 6666
2 2 6626 599
2 4 6630 6625 4270 4345
2 3 6630 3605 6778
1 5 6642 4660 4825 10454 4901
2 2 6647 11577
2 4 6657 9597 11565 9737
2 3 6685 3680 11625
3 3 6685 9624 11594
2 2 6696 6974
1 3 6697 696 693
2 3 6697 6682 646
2 3 6697 11644 11659
2 2 6700 11646
3 3 6700 679 646
2 4 6710 11656 691 695
2 2 6720 701
2 4 6723 6552 11525 3569
2 4 6729 6706 3076 9635
2 2 6732 3712
1 4 6734 9686 11675 3892
2 3 6734 11673 9817
2 2 6747 6729
2 4 6747 3741 744 6584
2 2 6747 11672
3 3 6747 723 3707
2 2 6766 11702
2 3 6778 9754 10381
2 3 6780 770 3772
2 5 6783 765 3752 3734 3720
2 6 6783 765 3752 3734 11729 6741
1 2 6788 6973
2 2 6788 3772
2 3 6799 11574 11577
1 2 6823 11758
2 4 6845 3824 822 3847
2 2 6845 3863
2 3 6855 659 3685
2 4 6857 9818 3937 6923
2 2 6857 6990
2 3 6857 935 949
1 2 6862 3885
1 4 6867 874 877 3892
2 2 6875 6862
2 2 6882 3878
2 3 6890 4442 11800
2 3 6890 9825 3685
2 2 6923 6952
2 3 6950 6919 9868
2 4 6952 6814 6967 9919
1 2 6973 6946
2 3 6974 12670 12501
1 3 6983 11572 6799
2 4 6986 9869 6933 3866
2 2 6990 9930
2 2 7000 4093
3 5 7000 7109 10022 9969 4137
3 2 7014 12052
2 3 7045 7083 7138
2 3 7045 3925 11841
2 3 7045 12054 1132
2 2 7069 10023
2 3 7080 10816 4106
2 3 7080 10816 2105
2 3 7088 3854 9962
3 3 7088 3854 4171
2 2 7091 4076
2 4 7097 1640 12495 10057
2 3 7097 10517 7101
2 4 7104 4173 10014 7191
2 2 7104 1171
1 3 7132 11923 1013
3 2 7133 8223
1 4 7137 7650 1597 4152
2 3 7137 11926 10004
1 6 7137 4077 10459 4085 4532 4504
3 2 7164 4076
2 3 7169 1024 4118
2 3 7200 1029 9971
2 4 7200 12055 7025 4010
2 4 7202 1547 10465 7118
2 5 7202 10047 11927 10051 1132
1 4 7213 871 3799 6906
2 3 7222 11994 1171
2 2 7222 1146
1 3 7236 12131 4297
2 2 7239 3369
2 3 7274 10652 4665
1 3 7289 7629 4445
1 5 7295 1315 1385 12292 4275
1 5 7295 4348 7587 4392 12122
1 3 7319 12191 7404
1 4 7319 4639 12475 7645
1 6 7319 4639 4330 7238 7347 10232
2 4 7319 7376 12288 4223
1 3 7329 1279 4297
2 2 7361 7644
3 4 7363 8067 10808 8011
1 3 7363 12275 7391
2 7 7375 12216 361 3280 7320 10133 1821
2 5 7375 11352 7346 6162 11124
2 7 7375 4372 12626 206 7403 6278 11320
1 3 7381 4406 10307
2 4 7392 7354 4227 4303
1 2 7394 11267
2 3 7408 10250 10221
1 3 7408 1427 12122
1 2 7408 7225
1 3 7427 4412 10297
2 6 7433 1284 12291 4362 634 4342
2 5 7433 10174 12221 10318 12459
1 3 7454 10403 12441
2 3 7458 7306 9910
2 3 7593 4644 1609
2 2 7593 7565
1 4 7603 2061 1170 12363
1 5 7603 4175 1990 4496 7531
3 2 7621 1624
1 4 7645 1620 4596 1400
1 5 7661 1536 4614 4477 11645
1 4 7661 1536 12434 4473
1 4 7716 9986 12795 1968
1 3 7716 4128 10025
2 4 7760 10587 4839 3750
1 4 7799 4777 12520 1774
2 4 7807 4769 1356 12149
1 3 7859 10682 10455
2 7 7895 4846 12700 7733 1880 4659 12390
2 5 7895 4746 4774 3169 1664
1 2 7912 8019
1 2 7935 1945
2 2 7972 4948
2 2 7972 2100
1 3 7980 8124 4985
1 4 7980 13249 12714 12757
2 2 8008 5070
1 3 8011 12146 4344
2 2 8015 2100
1 4 8019 13246 8062 4995
2 2 8058 10915
2 2 8058 8015
3 2 8065 5070
3 2 8065 5013
1 5 8070 12720 4955 5038 1954
2 4 8070 10867 12893 3972
2 3 8071 10836 2001
2 2 8071 12851
1 3 8075 10888 8149
2 3 8080 8024 4892
1 3 8113 8024 8080
2 2 8143 10946
2 2 8143 4617
2 2 8169 2208
2 2 8182 8201
1 4 8191 10940 8225 5230
1 2 8199 5190
1 2 8207 12975
1 3 8213 13289 8149
3 2 8214 2213
1 2 8216 5143
2 2 8219 12981
3 2 8223 12929
2 2 8223 11145
2 2 8245 5177
2 2 8245 10566
1 2 8248 12981
2 2 8248 8219
2 2 9084 10887
2 2 9084 8106
2 4 9200 11075 11180 12
3 4 9206 9100 3060 3151
2 3 9206 6186 3061
2 7 9247 9396 11383 371 398 3390 3335
2 5 9247 11271 9289 342 6292
2 4 9247 9371 11355 9288
2 4 9250 3353 9322 296
2 5 9251 11231 9362 6345 9279
2 5 9267 6135 3190 97 6077
2 6 9271 11256 3265 4324 7343 12270
2 6 9271 11377 11225 9299 6302 3276
2 5 9271 11377 11348 365 11321
2 3 9279 6345 6287
2 4 9288 546 9506 3542
2 2 9297 7239
2 3 9302 3327 3263
2 4 9303 3396 9310 11267
2 2 9309 9281
2 3 9340 9240 9317
2 2 9340 265
2 4 9343 11326 366 9302
2 3 9347 6325 6263
2 8 9355 11368 11214 384 356 3318 6341 413
2 5 9370 3264 3270 11365 11320
2 6 9370 6383 11263 282 11387 6338
2 5 9413 3455 501 6481 3492
2 6 9413 559 6495 6478 6451 9573
2 4 9417 11418 449 3478
2 2 9417 11559
2 5 9417 11434 9461 9476 523
3 2 9431 3262
2 3 9450 6713 9653
2 3 9450 12312 11589
2 2 9472 13011
3 3 9495 527 3495
3 2 9496 3473
2 3 9509 11431 9443
2 3 9511 11467 6464
2 3 9511 9457 3414
3 2 9511 11558
2 4 9512 12521 7874 12619
2 4 9512 7774 3472 12390
2 5 9512 7846 4824 12696 1750
2 2 9517 6555
2 2 9517 11486
3 3 9525 11508 9495
2 2 9536 11606
2 2 9544 3392
2 3 9544 6484 11399
2 2 9560 11545
2 2 9561 11506
2 3 9570 6512 9511
2 4 9573 11561 6423 11437
2 2 9595 6647
2 3 9601 7291 12149
3 2 9602 6998
3 3 9602 9756 9771
2 4 9607 6644 6651 651
1 3 9607 11576 590
2 4 9612 9610 3796 3952
3 2 9612 9614
3 2 9617 3663
3 5 9617 6658 818 11588 3630
3 3 9617 6658 9612
2 3 9620 11590 6666
1 2 9627 599
2 4 9627 6650 3592 11581
3 3 9635 687 3701
2 2 9648 9661
2 3 9648 9646 596
2 2 9653 9810
2 3 9653 9654 695
2 3 9657 4166 4738
2 3 9657 12357 9450
2 2 9660 11625
2 3 9660 684 11646
2 3 9660 6703 701
2 4 9660 11663 9676 6720
2 5 9666 708 6540 561 11544
2 3 9666 6693 692
2 3 9681 9515 3705
2 3 9692 3716 11679
1 5 9699 6746 3920 4024 11825
2 3 9711 722 11695
2 3 9711 9724 6710
2 5 9713 6699 6694 6876 4518
1 2 9713 710
1 6 9713 11658 677 6681 6757 9730
1 3 9715 10454 4901
2 5 9727 12637 6971 10441 3975
2 2 9734 755
2 4 9737 6777 9710 743
2 3 9740 12701 10718
2 7 9753 9735 11579 9455 6486 6516 3503
2 4 9753 757 6758 3726
2 6 9753 9592 3622 11578 615 464
2 2 9767 3938
2 4 9767 3858 9852 11742
3 3 9769 649 9783
3 3 9769 649 9614
2 4 9771 11754 793 3952
2 5 9774 6911 3806 11665 10381
2 5 9774 6911 3806 9675 4445
1 3 9780 11762 833
3 2 9783 9919
1 2 9805 914
2 2 9810 831
1 4 9817 724 6941 3892
2 3 9817 6924 799
3 9 9831 11836 3877 11903 12469 7578 1871 4555 4222
3 3 9831 930 4572
2 5 9831 930 4633 4506 1588
2 2 9833 11829
1 3 9849 867 833
1 6 9868 9954 10399 9858 11880 12318
2 2 9898 11877
1 3 9898 760 6962
2 3 9904 11751 6862
2 3 9904 9794 3885
2 2 9907 6946
2 3 9909 11891 3772
2 5 9910 11971 4691 11788 10666
2 3 9910 10478 11589
2 4 9910 1831 4807 1866
1 3 9914 9875 833
2 3 9919 9902 922
1 3 9924 967 925
1 3 9932 3979 9868
2 2 9945 10113
2 3 9958 1139 4144
2 3 9958 10364 7540
2 3 9958 10364 4066
2 3 9958 1004 1603
3 2 9962 4171
1 4 9963 12077 1087 4152
3 3 9975 7207 4132
3 2 9975 4064
2 4 9984 1110 12030 1053
2 3 10000 4157 9971
2 3 10013 7100 4084
2 2 10013 10113
1 2 10013 4097
1 3 10016 4397 12297
3 2 10025 7548
2 3 10044 11937 7104
2 3 10044 11937 1171
2 3 10057 7199 1053
3 2 10068 4137
2 3 10070 1194 10113
2 2 10070 7069
3 2 10076 12052
3 3 10076 1089 4091
1 4 10080 10121 7210 4152
2 4 10080 1120 11945 1053
2 5 10088 10116 12462 11978 10001
2 2 10105 11981
2 3 10105 7039 9963
1 3 10106 1600 12372
2 3 10125 12097 7087
1 3 10171 7619 12781
1 3 10171 4557 12420
1 2 10190 7391
2 4 10221 12173 10411 10398
2 3 10221 12195 10438
2 5 10239 10308 1680 1662 12619
2 6 10253 4394 12227 12198 10140 12143
2 2 10278 12180
2 2 10278 10149
1 4 10285 8091 2047 7415
1 3 10297 12255 12271
2 3 10311 5063 12142
2 5 10311 5063 1359 7411 10799
2 3 10311 7060 4072
1 3 10313 4367 12271
3 2 10347 7638
3 3 10362 12336 10347
2 4 10370 12463 12346 4449
2 3 10370 1564 10717
2 3 10380 12325 12498
2 2 10381 4445
3 3 10398 12345 7531
3 3 10398 1357 12360
2 5 10398 10411 4582 12388 10438
2 2 10400 2213
2 3 10438 10425 12360
2 2 10444 12352
1 5 10444 7532 3962 9859 6994
2 3 10447 4436 7638
1 3 10447 4589 1598
3 5 10455 1667 7755 12576 7798
3 5 10455 5161 2146 2130 12932
3 4 10502 12496 1654 10347
3 2 10502 12453
1 2 10513 5167
1 2 10513 10360
2 3 10515 1449 5163
2 3 10516 1586 7458
1 2 10523 7969
2 6 10531 12427 1818 10610 12662 7784
2 4 10531 4800 1702 1816
2 5 10531 4800 7822 1369 4665
2 6 10531 10713 12509 7804 1676 10627
1 8 10531 10713 12509 7843 12695 10669 4777 7799
2 2 10552 10624
3 4 10578 10647 4873 4222
3 7 10578 12557 1743 10638 7894 1847 1588
2 5 10624 4863 7883 4759 12685
2 3 10624 4857 7760
3 5 10627 12610 4882 1791 1834
2 4 10627 10646 4690 12563
1 6 10627 1877 7773 10669 4777 7799
2 4 10631 1697 12523 10570
2 4 10641 4798 7746 12694
1 3 10654 1792 12608
2 6 10696 12679 4806 7687 7825 7274
2 4 10696 1709 10568 12619
2 3 10711 4610 7760
2 3 10717 10391 10516
2 4 10718 777 602 4869
1 2 10728 1988
2 2 10730 10832
1 2 10747 10790
1 2 10747 5026
2 3 10751 1541 4459
2 2 10762 5070
2 2 10765 4908
1 2 10766 1181
1 3 10790 12872 4969
1 2 10790 7936
1 2 10790 2023
3 3 10798 10702 3972
3 5 10798 9822 11743 2082 3960
2 3 10799 5032 4414
1 2 10800 7973
1 2 10803 12742
2 2 10827 12744
2 3 10827 8052 1960
1 2 10842 10886
1 2 10842 13085
1 2 10846 8075
1 2 10846 12798
1 2 10859 8019
1 2 10859 11145
1 3 10866 10847 12886
1 2 10886 12823
1 2 10887 8106
2 3 10895 8057 1945
1 3 10905 7316 8005
1 2 10905 10887
2 3 10908 10877 10859
2 2 10915 10812
2 2 10919 12874
2 2 10919 12731
2 2 10928 12991
1 2 10930 5221
3 3 10944 10965 2208
3 3 10944 10965 5143
2 2 10946 4617
2 4 10959 2181 12937 7636
2 2 10959 5115
1 2 10966 12391
3 2 10976 6020
3 3 10986 10965 10944
2 2 10986 2208
1 3 11008 12972 10360
1 2 11008 8181
1 3 11008 10947 5167
1 6 11049 6129 6010 11053 9173 156
2 5 11086 9202 72 6075 11071
2 6 11086 3164 9222 9043 3135 9200
2 9 11092 155 11212 11094 6090 18 138 89 11071
2 4 11092 6094 9118 11159
2 5 11096 6096 11175 155 11092
2 4 11105 9129 9194 3083
3 2 11106 379
1 5 11121 158 11081 11164 11125
2 6 11121 195 66 3172 11065 3122
2 6 11121 6212 9106 3125 193 9169
2 6 11147 11040 9151 205 130 9088
2 4 11147 49 3148 156
2 7 11159 90 6057 9190 152 57 3140
3 4 11188 9109 9209 6164
1 4 11218 9314 11299 351
3 2 11221 6103
2 5 11235 11284 9261 9411 9355
3 3 11260 388 6558
2 4 11301 347 13206 3393
2 3 11301 11247 3392
1 6 11309 6391 324 3317 286 3276
2 5 11309 6291 3221 3389 396
1 3 11312 3254 400
2 2 11312 3384
2 3 11317 11297 9250
2 2 11318 9309
2 7 11320 6278 7403 7431 6285 291 1278
2 9 11321 365 497 3486 6424 6515 9420 12128 12270
2 6 11321 6473 3404 11537 9526 508
2 3 11346 6535 9509
2 2 11346 9281
3 2 11350 379
2 3 11370 216 6292
2 4 11370 11216 9236 6413
2 3 11372 11316 334
2 7 11379 11248 11294 314 11258 11227 396
2 4 11379 350 11217 6316
3 3 11380 11082 11188
3 7 11380 9393 6397 13265 9406 9329 9251
2 3 11435 11470 11494
2 4 11437 453 11452 11461
2 4 11437 11405 6596 11700
2 3 11461 3531 418
3 3 11465 503 3495
3 2 11465 9495
3 3 11465 11616 11600
3 3 11471 9239 11221
3 2 11471 3369
3 2 11471 6489
2 5 11477 441 550 11490 6497
2 4 11479 491 11427 3562
2 4 11479 536 6580 11399
2 2 11494 529
1 5 11495 505 3644 610 9730
2 2 11516 9559
2 2 11516 521
2 4 11521 11535 3579 6449
2 3 11521 3523 3495
2 2 11542 6440
2 4 11542 9569 11525 3569
2 2 11544 9416
2 4 11544 561 6540 3705
2 2 11545 3535
2 2 11559 6783
2 2 11560 589
2 2 11562 11519
2 2 11577 619
2 2 11580 11577
2 2 11580 11586
3 2 11581 3596
2 2 11584 3604
3 3 11586 11583 6998
3 4 11586 11583 6634 9602
2 4 11589 6737 7611 720
3 2 11594 9595
2 2 11600 6657
2 3 11606 3447 9472
2 2 11625 6700
2 4 11625 6670 3623 619
2 3 11627 3683 701
1 3 11645 1610 9715
2 3 11659 11644 11646
1 4 11659 6735 9706 3548
2 5 11666 6739 3718 557 3569
2 2 11666 9661
3 3 11666 6739 9692
2 4 11670 9698 9714 3757
1 4 11676 9704 727 11689
2 3 11679 3716 6720
2 3 11683 574 9573
2 3 11689 3728 11672
2 3 11689 6761 6584
2 3 11695 749 11654
2 4 11700 9729 9571 6420
1 7 11701 3593 10262 12163 12108 1220 4303
1 4 11702 3948 3751 6962
2 2 11738 788
2 2 11738 11841
1 4 11742 3945 9812 7213
2 5 11742 888 3891 3799 6906
2 4 11747 9844 6938 979
1 2 11758 3847
2 5 11758 847 3850 880 11800
2 2 11768 6986
3 3 11771 846 9831
3 6 11771 987 892 964 3783 1150
2 2 11794 3650
2 2 11794 6613
1 3 11798 931 3930
1 3 11798 11749 4080
2 2 11805 11768
2 3 11805 970 980
1 5 11818 3526 6886 907 3882
2 2 11818 895
2 3 11818 3526 6990
2 4 11825 9846 3874 6867
2 2 11833 6875
2 2 11833 6946
2 3 11834 11849 11877
2 2 11834 911
1 3 11899 11572 6983
1 2 11899 6799
2 2 11901 3943
3 2 11919 1065
2 2 11928 4091
2 4 11929 4162 2843 9935
2 4 11929 9993 7634 10514
2 4 11932 10124 1123 7115
2 4 11948 10110 4126 7175
1 2 11953 1160
2 4 11960 1067 4172 10125
2 3 11960 1136 9985
1 5 12008 1073 12065 1469 7137
1 3 12008 1114 4501
2 3 12024 10340 4586
2 2 12036 7222
2 6 12036 11916 1161 1121 1076 7200
1 2 12042 4084
1 3 12042 11987 4097
2 2 12064 10400
1 2 12064 1494
2 2 12067 9953
2 4 12067 4082 1029 7200
2 2 12114 1275
2 4 12127 1417 10283 10344
1 4 12127 4293 1253 1488
1 3 12142 10210 7232
2 5 12142 12295 7250 12105 12208
2 6 12143 12170 1360 10164 4227 4303
2 7 12143 1303 4337 12266 1272 10277 7392
2 2 12149 7433
2 4 12149 7291 4417 7289
2 4 12180 7310 12779 4414
2 3 12189 4805 12261
2 9 12189 7266 3963 12136 1343 7249 4841 7868 1742
2 2 12208 7395
2 2 12210 4379
3 3 12210 1374 1592
2 5 12270 1378 1406 4261 4215
2 7 12270 12128 9420 11433 566 9526 508
2 2 12289 4342
2 4 12289 1424 7304 7644
2 4 12313 1643 7599 1559
1 3 12320 3564 12441
1 3 12320 12450 6642
2 3 12332 7516 12360
2 3 12332 9988 10016
3 2 12341 4884
3 3 12341 10861 3960
2 3 12360 1535 1520
1 3 12363 10920 4425
2 3 12364 1555 1568
3 4 12364 12379 4573 7621
1 3 12372 3795 12839
1 3 12376 4583 12320
2 3 12384 638 7118
2 2 12406 7520
1 3 12406 4864 7859
1 3 12409 1596 12998
1 3 12416 11759 9823
2 2 12420 10401
2 4 12437 11635 10727 6974
2 4 12437 4531 4437 9653
2 2 12453 10515
2 3 12472 7654 4273
3 4 12473 7140 1088 10087
1 4 12473 7671 6883 1634
2 4 12479 2185 5172 10980
1 2 12479 10360
2 3 12479 12438 7636
3 5 12489 4444 1646 7797 10615
3 2 12489 12458
2 3 12498 12470 1480
2 4 12501 10824 10192 12735
2 3 12501 10824 10615
2 3 12543 7848 4809
2 4 12543 7785 4821 12565
1 2 12547 4696
1 2 12547 4822
2 5 12565 7889 4855 12611 13059
1 4 12565 4821 1748 12694
1 3 12565 4675 4762
2 4 12586 10676 10333 10516
2 4 12586 1683 12516 7840
2 2 12586 10666
1 4 12588 1734 7776 1849
1 2 12589 12547
1 3 12589 12692 4822
1 3 12589 10415 4528
2 3 12600 4666 1657
2 3 12600 3208 7364
2 4 12603 1788 3721 12688
2 3 12603 3769 10552
2 2 12603 12663
2 6 12619 7874 1694 1294 1775 1292
2 6 12619 1418 1229 12285 12115 12143
2 3 12624 2055 3972
1 3 12627 1738 12624
1 3 12640 10660 1459
2 4 12641 7751 10658 7835
3 5 12641 7786 12665 10708 10578
2 2 12648 12064
2 4 12663 12593 3721 12688
2 2 12667 1867
2 3 12667 12620 3750
2 3 12667 10595 12586
1 4 12669 7806 12541 4858
2 3 12687 1741 10631
2 2 12688 4872
2 3 12688 12145 12685
2 4 12694 10608 1730 4731
1 3 12708 2032 12868
2 2 12710 4948
2 2 12710 8015
2 3 12712 8236 12753
2 2 12712 10730
1 2 12715 4965
1 3 12723 13251 1984
1 3 12727 7995 1955
2 2 12731 12817
2 2 12731 12900
3 4 12735 7422 860 12498
3 4 12735 7422 4756 7480
3 5 12735 7422 860 7640 10380
3 2 12747 12858
3 2 12751 4927
3 2 12751 10812
3 2 12751 5045
1 2 12753 10886
1 4 12757 12812 2020 12991
1 4 12757 5068 10833 12759
1 3 12766 13250 12723
2 2 12781 10311
2 4 12781 5019 11950 12114
3 2 12785 1951
2 2 12785 10862
2 3 12800 10877 10908
1 3 12800 13244 7912
2 2 12800 12744
2 2 12806 1914
2 2 12817 1891
1 2 12823 8017
1 3 12829 1199 4106
1 3 12829 1103 4064
2 3 12830 11108 3165
2 2 12830 11012
1 3 12835 10769 13088
2 2 12858 1909
1 2 12865 8017
1 3 12867 1900 12753
1 2 12867 4904
3 2 12868 2054
1 2 12886 4064
2 2 12891 12747
1 3 12897 10830 7935
1 2 12897 10800
2 2 12900 1992
1 3 12907 7161 10766
1 4 12930 5179 12979 5229
2 2 12935 2120
1 4 12938 7476 8210 12479
1 4 12938 7476 12923 2218
2 2 12944 8201
2 2 12963 8214
2 2 12963 1580
2 2 12964 2106
3 2 12971 5164
2 2 12975 2192
2 2 12975 2115
1 2 12977 7636
1 2 12978 5143
2 2 12981 7548
3 2 12989 12929
3 2 12989 7088
1 2 12997 2225
1 2 12998 12494
3 2 13009 379
3 3 13059 10557 12608
3 2 13084 4450
2 2 13085 8017
1 2 13087 12878
2 2 13116 11417
1 3 13116 11445 6549
3 3 13211 8078 11012
1 3 13252 591 11901
