1 12
1 68
1 100
1 117
1 121
1 122
1 156
1 160
1 187
1 191
1 241
1 265
1 287
1 296
1 306
1 312
1 321
1 334
1 337
1 351
1 375
1 377
1 379
1 383
1 396
1 399
1 400
1 413
1 418
1 458
1 464
1 485
1 493
1 495
1 508
1 512
1 514
1 516
1 519
1 521
1 523
1 525
1 529
1 563
1 568
1 571
1 575
1 587
1 589
1 590
1 596
1 599
1 603
1 619
1 620
1 646
1 651
1 657
1 663
1 673
1 686
1 690
1 692
1 693
1 695
1 700
1 701
1 710
1 720
1 736
1 740
1 743
1 755
1 758
1 761
1 772
1 773
1 778
1 788
1 792
1 799
1 819
1 831
1 832
1 833
1 873
1 875
1 895
1 911
1 914
1 922
1 925
1 940
1 947
1 949
1 957
1 962
1 979
1 981
1 998
1 1005
1 1013
1 1047
1 1048
1 1053
1 1065
1 1069
1 1081
1 1083
1 1091
1 1092
1 1106
1 1117
1 1132
1 1145
1 1146
1 1148
1 1150
1 1171
1 1181
1 1182
1 1185
1 1190
1 1200
1 1275
1 1278
1 1292
1 1317
1 1326
1 1349
1 1352
1 1377
1 1381
1 1400
1 1408
1 1413
1 1426
1 1444
1 1450
1 1459
1 1463
1 1468
1 1472
1 1480
1 1488
1 1492
1 1520
1 1559
1 1562
1 1568
1 1575
1 1580
1 1588
1 1591
1 1592
1 1595
1 1598
1 1599
1 1603
1 1609
1 1614
1 1615
1 1624
1 1633
1 1634
1 1657
1 1664
1 1722
1 1742
1 1747
1 1750
1 1764
1 1770
1 1772
1 1774
1 1787
1 1794
1 1804
1 1814
1 1816
1 1821
1 1823
1 1827
1 1834
1 1836
1 1838
1 1849
1 1866
1 1867
1 1891
1 1892
1 1896
1 1909
1 1914
1 1939
1 1945
1 1951
1 1953
1 1954
1 1955
1 1960
1 1975
1 1984
1 1988
1 1992
1 2001
1 2004
1 2005
1 2008
1 2011
1 2023
1 2031
1 2034
1 2038
1 2050
1 2054
1 2058
1 2072
1 2081
1 2086
1 2089
1 2097
1 2100
1 2105
1 2106
1 2109
1 2115
1 2120
1 2123
1 2151
1 2152
1 2156
1 2180
1 2192
1 2196
1 2197
1 2207
1 2208
1 2210
1 2211
1 2212
1 2213
1 2218
1 2219
1 2225
1 2227
1 2228
1 2853
1 2923
1 3010
1 3021
1 3061
1 3073
1 3083
1 3122
1 3134
1 3137
1 3140
1 3151
1 3152
1 3165
1 3177
1 3180
1 3207
1 3234
1 3262
1 3263
1 3273
1 3276
1 3284
1 3319
1 3320
1 3325
1 3335
1 3336
1 3338
1 3355
1 3369
1 3379
1 3381
1 3384
1 3386
1 3392
1 3414
1 3430
1 3473
1 3478
1 3484
1 3492
1 3495
1 3496
1 3503
1 3513
1 3522
1 3529
1 3542
1 3544
1 3548
1 3549
1 3562
1 3569
1 3576
1 3578
1 3580
1 3585
1 3596
1 3630
1 3650
1 3652
1 3653
1 3663
1 3671
1 3672
1 3685
1 3686
1 3701
1 3705
1 3707
1 3712
1 3715
1 3720
1 3726
1 3742
1 3748
1 3750
1 3757
1 3772
1 3775
1 3816
1 3823
1 3847
1 3863
1 3866
1 3878
1 3892
1 3900
1 3906
1 3922
1 3924
1 3930
1 3938
1 3944
1 3951
1 3952
1 3957
1 3960
1 3961
1 3966
1 3972
1 3973
1 3975
1 3992
1 4003
1 4010
1 4045
1 4052
1 4053
1 4056
1 4064
1 4066
1 4072
1 4075
1 4076
1 4080
1 4084
1 4089
1 4091
1 4093
1 4097
1 4102
1 4106
1 4107
1 4112
1 4118
1 4132
1 4137
1 4139
1 4144
1 4152
1 4155
1 4171
1 4189
1 4196
1 4215
1 4222
1 4223
1 4245
1 4273
1 4275
1 4297
1 4303
1 4318
1 4329
1 4342
1 4344
1 4345
1 4379
1 4401
1 4410
1 4414
1 4416
1 4426
1 4435
1 4445
1 4449
1 4450
1 4459
1 4464
1 4469
1 4473
1 4492
1 4501
1 4504
1 4518
1 4525
1 4528
1 4529
1 4543
1 4548
1 4550
1 4569
1 4571
1 4572
1 4586
1 4608
1 4609
1 4613
1 4617
1 4626
1 4665
1 4669
1 4681
1 4696
1 4709
1 4724
1 4731
1 4733
1 4735
1 4736
1 4738
1 4750
1 4762
1 4797
1 4801
1 4809
1 4822
1 4826
1 4858
1 4860
1 4869
1 4872
1 4875
1 4879
1 4884
1 4887
1 4889
1 4892
1 4904
1 4908
1 4927
1 4948
1 4952
1 4956
1 4972
1 4978
1 4982
1 4985
1 4995
1 5005
1 5010
1 5013
1 5021
1 5026
1 5034
1 5045
1 5049
1 5061
1 5070
1 5091
1 5107
1 5115
1 5117
1 5120
1 5128
1 5139
1 5163
1 5167
1 5168
1 5177
1 5185
1 5199
1 5210
1 5221
1 5229
1 5230
1 5264
1 6050
1 6077
1 6080
1 6103
1 6115
1 6148
1 6164
1 6165
1 6176
1 6181
1 6192
1 6237
1 6242
1 6245
1 6280
1 6282
1 6286
1 6292
1 6296
1 6301
1 6314
1 6316
1 6318
1 6322
1 6327
1 6332
1 6338
1 6357
1 6359
1 6371
1 6380
1 6389
1 6413
1 6416
1 6418
1 6420
1 6449
1 6455
1 6464
1 6497
1 6524
1 6531
1 6534
1 6542
1 6550
1 6566
1 6573
1 6584
1 6601
1 6606
1 6613
1 6626
1 6630
1 6631
1 6642
1 6647
1 6657
1 6666
1 6667
1 6685
1 6696
1 6697
1 6700
1 6710
1 6718
1 6723
1 6729
1 6732
1 6734
1 6741
1 6747
1 6766
1 6778
1 6780
1 6783
1 6793
1 6799
1 6822
1 6843
1 6845
1 6857
1 6867
1 6875
1 6890
1 6906
1 6922
1 6923
1 6928
1 6950
1 6962
1 6974
1 6983
1 6986
1 6990
1 6994
1 6998
1 7000
1 7014
1 7045
1 7071
1 7087
1 7088
1 7091
1 7097
1 7101
1 7115
1 7118
1 7125
1 7132
1 7137
1 7138
1 7151
1 7191
1 7200
1 7202
1 7213
1 7222
1 7223
1 7225
1 7232
1 7236
1 7274
1 7289
1 7319
1 7329
1 7361
1 7363
1 7364
1 7375
1 7391
1 7392
1 7394
1 7395
1 7404
1 7408
1 7415
1 7427
1 7433
1 7458
1 7480
1 7520
1 7531
1 7540
1 7552
1 7564
1 7592
1 7603
1 7621
1 7636
1 7638
1 7645
1 7661
1 7683
1 7716
1 7760
1 7784
1 7798
1 7799
1 7807
1 7835
1 7837
1 7840
1 7859
1 7887
1 7895
1 7912
1 7935
1 7936
1 7959
1 7969
1 7973
1 8005
1 8070
1 8096
1 8106
1 8149
1 8182
1 8188
1 8203
1 8207
1 8219
1 8244
1 9084
1 9088
1 9167
1 9169
1 9200
1 9206
1 9221
1 9225
1 9237
1 9247
1 9251
1 9267
1 9271
1 9279
1 9288
1 9302
1 9317
1 9343
1 9355
1 9370
1 9413
1 9416
1 9417
1 9427
1 9443
1 9450
1 9472
1 9495
1 9511
1 9512
1 9525
1 9544
1 9559
1 9573
1 9602
1 9612
1 9619
1 9648
1 9653
1 9657
1 9660
1 9661
1 9692
1 9699
1 9711
1 9713
1 9715
1 9730
1 9753
1 9764
1 9767
1 9774
1 9780
1 9814
1 9817
1 9821
1 9823
1 9831
1 9849
1 9868
1 9898
1 9932
1 9935
1 9945
1 9953
1 9962
1 9963
1 9971
1 9978
1 9984
1 9985
1 10001
1 10004
1 10031
1 10058
1 10061
1 10062
1 10068
1 10080
1 10088
1 10105
1 10106
1 10147
1 10149
1 10171
1 10190
1 10221
1 10232
1 10237
1 10239
1 10253
1 10271
1 10278
1 10285
1 10297
1 10311
1 10344
1 10347
1 10362
1 10370
1 10380
1 10381
1 10401
1 10438
1 10444
1 10455
1 10514
1 10515
1 10531
1 10540
1 10552
1 10570
1 10578
1 10605
1 10609
1 10615
1 10624
1 10627
1 10631
1 10641
1 10654
1 10696
1 10711
1 10718
1 10747
1 10765
1 10767
1 10772
1 10793
1 10798
1 10842
1 10855
1 10862
1 10866
1 10919
1 10928
1 10946
1 10959
1 10975
1 10980
1 11049
1 11071
1 11086
1 11092
1 11096
1 11105
1 11106
1 11121
1 11124
1 11125
1 11127
1 11142
1 11145
1 11147
1 11159
1 11186
1 11188
1 11202
1 11215
1 11235
1 11260
1 11261
1 11293
1 11309
1 11312
1 11320
1 11321
1 11350
1 11366
1 11370
1 11379
1 11380
1 11437
1 11461
1 11477
1 11479
1 11483
1 11491
1 11495
1 11519
1 11542
1 11559
1 11580
1 11589
1 11617
1 11625
1 11650
1 11683
1 11695
1 11700
1 11701
1 11702
1 11707
1 11742
1 11746
1 11747
1 11758
1 11771
1 11798
1 11800
1 11825
1 11834
1 11899
1 11925
1 11929
1 11953
1 11969
1 11985
1 12008
1 12017
1 12024
1 12049
1 12064
1 12090
1 12110
1 12122
1 12127
1 12143
1 12180
1 12189
1 12206
1 12210
1 12252
1 12261
1 12270
1 12271
1 12297
1 12305
1 12318
1 12324
1 12332
1 12341
1 12349
1 12352
1 12360
1 12363
1 12376
1 12384
1 12390
1 12391
1 12406
1 12416
1 12420
1 12432
1 12458
1 12479
1 12489
1 12494
1 12501
1 12511
1 12518
1 12563
1 12565
1 12586
1 12588
1 12603
1 12608
1 12619
1 12624
1 12627
1 12640
1 12641
1 12655
1 12669
1 12685
1 12694
1 12727
1 12735
1 12747
1 12753
1 12757
1 12785
1 12819
1 12823
1 12878
1 12910
1 12930
1 12932
1 12938
1 12973
1 12978
1 12991
1 13009
1 13217
